%YAML:1.0
---
K: !!opencv-matrix
   rows: 3
   cols: 3
   dt: d
   data: [ 1.1030911938448885e+03, 0., 6.0972336888108873e+02, 0.,
       1.1158591819174592e+03, 3.9621549288833478e+02, 0., 0., 1. ]
D: !!opencv-matrix
   rows: 1
   cols: 5
   dt: d
   data: [ -9.6197482448919042e-02, 1.0692573509650984e+00,
       -2.2821447289782099e-02, 4.1458169389777838e-02,
       -1.5980237170400162e+00 ]
H: !!opencv-matrix
   rows: 3
   cols: 3
   dt: d
   data: [ 1.4319402896060378e+00, 2.7432425946252548e-01,
       -4.3229125745704067e+01, 4.6198765656374680e-02,
       1.7798876191352841e+00, -1.1150296844942623e+02,
       -4.7190116116559058e-06, 4.0939398254518706e-04, 1. ]
